------------------  ------------------  ------------------  ------------------  ------------------  ------------------  ------------------  ------------------  ------------------  ------
[0.29036, 0.1308]   [0.26962, 0.1308]   [0.25036, 0.1308]   [0.23248, 0.1308]   [0.21587, 0.1308]   [0.196, 0.25827]    [0.16623, 0.38702]  [0.12651, 0.51643]  [0.07692, 0.64459]  [0, 1]
[0.39937, 0.35432]  [0.37084, 0.35432]  [0.34359, 0.35432]  [0.31633, 0.35432]  [0.28908, 0.35432]  [0.25118, 0.49265]  [0.20291, 0.62747]  [0.14464, 0.75751]  [0.07692, 0.88036]  [0, 1]
[0.40758, 0.37447]  [0.37847, 0.37447]  [0.34966, 0.37447]  [0.32086, 0.37447]  [0.29205, 0.37447]  [0.25295, 0.50839]  [0.20382, 0.63864]  [0.14508, 0.7636]   [0.07692, 0.88607]  [0, 1]
[0.41737, 0.39654]  [0.38687, 0.39654]  [0.35636, 0.39654]  [0.32586, 0.39654]  [0.29536, 0.39654]  [0.25477, 0.52762]  [0.20463, 0.65185]  [0.14523, 0.77218]  [0.07692, 0.888]    [0, 1]
[0.42637, 0.41717]  [0.39428, 0.41717]  [0.36219, 0.41717]  [0.3301, 0.41717]   [0.29801, 0.41717]  [0.25651, 0.53946]  [0.20556, 0.66236]  [0.14554, 0.78035]  [0.07692, 0.89197]  [0, 1]
[0.43734, 0.42396]  [0.40473, 0.42396]  [0.37212, 0.42396]  [0.33951, 0.42396]  [0.30689, 0.42396]  [0.26154, 0.58964]  [0.20804, 0.69547]  [0.14636, 0.80187]  [0.07692, 0.90264]  [0, 1]
[0.43197, 0.26201]  [0.40112, 0.26201]  [0.37247, 0.26201]  [0.34586, 0.26201]  [0.32116, 0.26201]  [0.2726, 0.63128]   [0.21341, 0.76949]  [0.14822, 0.84737]  [0.07692, 0.92692]  [0, 1]
[0.40363, 0.24433]  [0.3748, 0.24433]   [0.34803, 0.24433]  [0.32317, 0.24433]  [0.30009, 0.24433]  [0.2714, 0.37292]   [0.21496, 0.73368]  [0.14855, 0.86344]  [0.07692, 0.93109]  [0, 1]
[0.3695, 0.22679]   [0.34311, 0.22679]  [0.3186, 0.22679]   [0.29584, 0.22679]  [0.27471, 0.22679]  [0.24795, 0.34787]  [0.21213, 0.46572]  [0.14916, 0.81862]  [0.07692, 0.93906]  [0, 1]
[0.33058, 0.21194]  [0.30697, 0.21194]  [0.28504, 0.21194]  [0.26468, 0.21194]  [0.24577, 0.21194]  [0.22082, 0.32439]  [0.18736, 0.43504]  [0.14524, 0.54752]  [0.07692, 0.88811]  [0, 1]
------------------  ------------------  ------------------  ------------------  ------------------  ------------------  ------------------  ------------------  ------------------  ------